(module SOT-23 (layer F.Cu) (tedit 61AE153C)
  (descr "SOT-23, Standard")
  (tags SOT-23)
  (attr smd)
  (fp_text reference %R (at 0 -2.2) (layer F.SilkS)
    (effects (font (size 0.5 0.5) (thickness 0.125)))
  )
  (fp_text value %V (at 0 -2.2) (layer F.SilkS)
    (effects (font (size 0.5 0.5) (thickness 0.125)))
  )
  (fp_line (start 0.76 1.58) (end -0.7 1.58) (layer F.SilkS) (width 0.12))
  (fp_line (start 0.76 -1.58) (end -0.7 -1.58) (layer F.SilkS) (width 0.12))
  (fp_line (start 0.76 -1.58) (end 0.76 -0.65) (layer F.SilkS) (width 0.12))
  (fp_line (start 0.76 1.58) (end 0.76 0.65) (layer F.SilkS) (width 0.12))
  (fp_text user %R (at 0 0 180) (layer F.Fab)
    (effects (font (size 0.2 0.2) (thickness 0.03)))
  )
  (fp_line (start 0.76 -1.58) (end 0.76 -0.65) (layer F.Fab) (width 0.12))
  (fp_line (start 0.76 1.58) (end 0.76 0.65) (layer F.Fab) (width 0.12))
  (fp_line (start 0.76 1.58) (end -0.7 1.58) (layer F.Fab) (width 0.12))
  (fp_line (start 0.76 -1.58) (end -0.7 -1.58) (layer F.Fab) (width 0.12))
  (pad 1 smd roundrect (at -1 -0.95) (size 0.9 0.8) (layers F.Cu F.Paste F.Mask) (roundrect_rratio 0.25))
  (pad 2 smd roundrect (at -1 0.95) (size 0.9 0.8) (layers F.Cu F.Paste F.Mask) (roundrect_rratio 0.25))
  (pad 3 smd roundrect (at 1 0) (size 0.9 0.8) (layers F.Cu F.Paste F.Mask) (roundrect_rratio 0.25))
  (model ${KISYS3DMOD}/Package_TO_SOT_SMD.3dshapes/SOT-23.wrl
    (at (xyz 0 0 0))
    (scale (xyz 1 1 1))
    (rotate (xyz 0 0 0))
  )
)
